%YAML:1.0
---
camera_matrix: !!opencv-matrix
   rows: 3
   cols: 3
   dt: d
   data: [ 1.2021120939873149e+03, 0., 1.0271365300105685e+03, 0.,
       1.2017281260839716e+03, 7.9238198831882858e+02, 0., 0., 1. ]
dist_coeffs: !!opencv-matrix
   rows: 14
   cols: 1
   dt: d
   data: [ 3.4507967432119124e+00, 1.6033261049808978e-01,
       1.2400955322082504e-04, 6.5486373011738679e-04,
       1.9957779489317648e-01, 3.5549784970424172e+00,
       3.7418169970879089e-01, -7.0695811882750231e-02, 0., 0., 0., 0.,
       1.2864507351539101e-03, 3.9127983549074527e-03 ]
reproj_err: 3.0969008803367615e-02
